acc_angle 12, tol 0.01, iter 100
Training ['a'] model w. 155 examples 
         1      -51028.4732             +nan
         2      -47878.4829       +3149.9903
         3      -47618.2487        +260.2342
         4      -47113.5447        +504.7039
         5      -45889.6093       +1223.9354
         6      -43123.2934       +2766.3159
         7      -39258.3195       +3864.9740
         8      -35029.2836       +4229.0359
         9      -29966.7542       +5062.5294
        10      -26624.4480       +3342.3061
        11      -25230.3343       +1394.1137
        12      -24379.2361        +851.0982
        13      -23728.7567        +650.4793
        14      -23317.4878        +411.2690
        15      -23074.2655        +243.2223
        16      -22925.4358        +148.8297
        17      -22832.6998         +92.7360
        18      -22774.8500         +57.8498
        19      -22737.7141         +37.1359
        20      -22712.9043         +24.8097
        21      -22695.8629         +17.0414
        22      -22683.7712         +12.0917
        23      -22674.8943          +8.8769
        24      -22668.1934          +6.7009
        25      -22663.0260          +5.1674
        26      -22658.9724          +4.0537
        27      -22655.7450          +3.2274
        28      -22653.1407          +2.6043
        29      -22651.0135          +2.1272
        30      -22649.2566          +1.7569
        31      -22647.7908          +1.4658
        32      -22646.5560          +1.2348
        33      -22645.5054          +1.0507
        34      -22644.6015          +0.9039
        35      -22643.8139          +0.7876
        36      -22643.1173          +0.6966
        37      -22642.4905          +0.6268
        38      -22641.9153          +0.5753
        39      -22641.3763          +0.5389
        40      -22640.8617          +0.5147
        41      -22640.3632          +0.4985
        42      -22639.8778          +0.4854
        43      -22639.4070          +0.4708
        44      -22638.9554          +0.4516
        45      -22638.5276          +0.4278
        46      -22638.1263          +0.4013
        47      -22637.7518          +0.3745
        48      -22637.4027          +0.3491
        49      -22637.0768          +0.3258
        50      -22636.7719          +0.3049
        51      -22636.4857          +0.2862
        52      -22636.2164          +0.2693
        53      -22635.9623          +0.2541
        54      -22635.7221          +0.2402
        55      -22635.4946          +0.2275
        56      -22635.2788          +0.2158
        57      -22635.0737          +0.2051
        58      -22634.8785          +0.1952
        59      -22634.6925          +0.1860
        60      -22634.5150          +0.1775
        61      -22634.3452          +0.1697
        62      -22634.1827          +0.1625
        63      -22634.0269          +0.1558
        64      -22633.8772          +0.1497
        65      -22633.7333          +0.1440
        66      -22633.5946          +0.1387
        67      -22633.4608          +0.1338
        68      -22633.3316          +0.1292
        69      -22633.2067          +0.1249
        70      -22633.0860          +0.1208
        71      -22632.9691          +0.1169
        72      -22632.8559          +0.1131
        73      -22632.7464          +0.1095
        74      -22632.6404          +0.1060
        75      -22632.5378          +0.1026
        76      -22632.4385          +0.0993
        77      -22632.3425          +0.0960
        78      -22632.2496          +0.0929
        79      -22632.1598          +0.0898
        80      -22632.0729          +0.0869
        81      -22631.9888          +0.0840
        82      -22631.9075          +0.0813
        83      -22631.8288          +0.0787
        84      -22631.7526          +0.0762
        85      -22631.6788          +0.0738
        86      -22631.6073          +0.0715
        87      -22631.5380          +0.0693
        88      -22631.4707          +0.0673
        89      -22631.4054          +0.0653
        90      -22631.3420          +0.0634
        91      -22631.2804          +0.0616
        92      -22631.2205          +0.0599
        93      -22631.1622          +0.0583
        94      -22631.1054          +0.0568
        95      -22631.0500          +0.0554
        96      -22630.9960          +0.0540
        97      -22630.9432          +0.0528
        98      -22630.8916          +0.0516
        99      -22630.8410          +0.0506
       100      -22630.7914          +0.0496

(elapsed time: 79.14331436157227s).
Training ['b'] model w. 125 examples 

         1      -42031.7979             +nan
         2      -38356.4254       +3675.3725
         3      -38083.9139        +272.5116
         4      -37554.5438        +529.3700
         5      -36365.3222       +1189.2217
         6      -33803.5171       +2561.8051
         7      -29915.8018       +3887.7152
         8      -26860.2669       +3055.5349
         9      -25378.4571       +1481.8098
        10      -24026.7099       +1351.7472
        11      -22839.7687       +1186.9412
        12      -22265.1248        +574.6439
        13      -21900.2376        +364.8872
        14      -21630.8068        +269.4308
        15      -21447.5552        +183.2516
        16      -21306.9760        +140.5792
        17      -21187.7122        +119.2637
        18      -21081.4532        +106.2590
        19      -20986.6655         +94.7877
        20      -20907.8483         +78.8172
        21      -20848.5751         +59.2732
        22      -20805.7176         +42.8576
        23      -20774.8326         +30.8850
        24      -20751.5630         +23.2696
        25      -20731.6661         +19.8969
        26      -20710.6946         +20.9714
        27      -20683.6794         +27.0152
        28      -20648.3158         +35.3636
        29      -20614.1893         +34.1265
        30      -20589.8216         +24.3677
        31      -20570.2920         +19.5296
        32      -20553.9681         +16.3239
        33      -20538.5157         +15.4524
        34      -20520.9903         +17.5254
        35      -20496.0499         +24.9404
        36      -20457.0714         +38.9785
        37      -20403.1113         +53.9601
        38      -20340.6801         +62.4313
        39      -20275.7919         +64.8881
        40      -20212.8308         +62.9611
        41      -20153.9931         +58.8378
        42      -20098.6960         +55.2971
        43      -20050.6931         +48.0029
        44      -20014.1543         +36.5388
        45      -19993.5902         +20.5641
        46      -19983.9213          +9.6689
        47      -19977.9373          +5.9840
        48      -19963.0061         +14.9312
        49      -19921.6465         +41.3596
        50      -19881.6496         +39.9969
        51      -19866.5605         +15.0891
        52      -19861.0411          +5.5194
        53      -19858.1845          +2.8566
        54      -19856.3150          +1.8695
        55      -19854.9164          +1.3986
        56      -19853.8137          +1.1026
        57      -19852.9333          +0.8804
        58      -19852.2300          +0.7033
        59      -19851.6665          +0.5635
        60      -19851.2088          +0.4577
        61      -19850.8238          +0.3850
        62      -19850.4676          +0.3562
        63      -19850.0378          +0.4298
        64      -19849.3388          +0.6990
        65      -19848.4925          +0.8463
        66      -19847.9082          +0.5843
        67      -19847.5316          +0.3766
        68      -19847.2307          +0.3009
        69      -19846.6419          +0.5888
        70      -19843.1236          +3.5182
        71      -19835.6516          +7.4720
        72      -19832.5636          +3.0881
        73      -19831.2762          +1.2873
        74      -19830.5402          +0.7360
        75      -19830.0646          +0.4756
        76      -19829.7029          +0.3617
        77      -19829.3730          +0.3299
        78      -19829.0250          +0.3480
        79      -19828.6322          +0.3928
        80      -19828.1802          +0.4520
        81      -19827.6103          +0.5698
        82      -19826.7222          +0.8881
        83      -19825.1865          +1.5358
        84      -19823.0123          +2.1741
        85      -19820.9297          +2.0826
        86      -19819.4817          +1.4481
        87      -19818.5923          +0.8894
        88      -19818.0375          +0.5548
        89      -19817.6624          +0.3751
        90      -19817.3847          +0.2777
        91      -19817.1635          +0.2212
        92      -19816.9785          +0.1851
        93      -19816.8184          +0.1601
        94      -19816.6762          +0.1421
        95      -19816.5466          +0.1296
        96      -19816.4243          +0.1223
        97      -19816.3035          +0.1207
        98      -19816.1776          +0.1259
        99      -19816.0391          +0.1385
       100      -19815.8811          +0.1580

(elapsed time: 63.93108034133911s).
Training ['c'] model w. 129 examples 

         1      -27574.4091             +nan
         2      -25383.2387       +2191.1705
         3      -25238.0946        +145.1441
         4      -24951.6743        +286.4202
         5      -24243.2493        +708.4250
         6      -22428.2231       +1815.0262
         7      -19251.6926       +3176.5305
         8      -16847.0309       +2404.6618
         9      -15518.5996       +1328.4313
        10      -14665.4261        +853.1735
        11      -13996.8770        +668.5491
        12      -13638.5000        +358.3770
        13      -13448.1825        +190.3175
        14      -13309.7636        +138.4189
        15      -13174.0828        +135.6808
        16      -13030.1364        +143.9464
        17      -12932.6303         +97.5061
        18      -12865.5859         +67.0444
        19      -12803.2483         +62.3376
        20      -12749.2443         +54.0040
        21      -12710.9202         +38.3241
        22      -12686.0416         +24.8786
        23      -12668.0897         +17.9519
        24      -12653.3202         +14.7695
        25      -12640.0737         +13.2466
        26      -12627.7977         +12.2760
        27      -12619.2086          +8.5891
        28      -12613.0912          +6.1174
        29      -12608.0001          +5.0911
        30      -12603.5026          +4.4975
        31      -12600.0124          +3.4903
        32      -12597.2724          +2.7399
        33      -12594.9797          +2.2927
        34      -12593.0228          +1.9568
        35      -12591.3335          +1.6893
        36      -12589.8556          +1.4779
        37      -12588.5423          +1.3133
        38      -12587.3565          +1.1858
        39      -12586.2697          +1.0869
        40      -12585.2589          +1.0108
        41      -12584.3044          +0.9545
        42      -12583.3867          +0.9177
        43      -12582.4845          +0.9021
        44      -12581.5733          +0.9112
        45      -12580.6241          +0.9492
        46      -12579.6043          +1.0198
        47      -12578.4785          +1.1258
        48      -12577.2082          +1.2703
        49      -12575.7501          +1.4582
        50      -12574.0571          +1.6930
        51      -12572.0896          +1.9675
        52      -12569.8404          +2.2492
        53      -12567.3755          +2.4649
        54      -12564.8686          +2.5069
        55      -12562.5691          +2.2995
        56      -12560.6756          +1.8935
        57      -12559.2247          +1.4509
        58      -12558.1116          +1.1131
        59      -12557.1742          +0.9374
        60      -12556.2125          +0.9617
        61      -12554.8815          +1.3310
        62      -12552.5322          +2.3493
        63      -12548.7535          +3.7787
        64      -12544.8524          +3.9011
        65      -12542.2190          +2.6335
        66      -12540.5046          +1.7144
        67      -12539.2381          +1.2665
        68      -12538.2080          +1.0301
        69      -12537.3088          +0.8992
        70      -12536.4783          +0.8305
        71      -12535.6615          +0.8169
        72      -12534.7866          +0.8749
        73      -12533.7987          +0.9878
        74      -12532.7794          +1.0194
        75      -12531.8894          +0.8900
        76      -12531.1531          +0.7362
        77      -12530.5006          +0.6525
        78      -12529.8790          +0.6216
        79      -12529.2704          +0.6086
        80      -12528.6785          +0.5919
        81      -12528.1137          +0.5648
        82      -12527.5806          +0.5331
        83      -12527.0767          +0.5039
        84      -12526.5968          +0.4799
        85      -12526.1371          +0.4597
        86      -12525.6962          +0.4409
        87      -12525.2748          +0.4214
        88      -12524.8748          +0.4000
        89      -12524.4979          +0.3769
        90      -12524.1448          +0.3531
        91      -12523.8150          +0.3298
        92      -12523.5070          +0.3080
        93      -12523.2184          +0.2886
        94      -12522.9459          +0.2725
        95      -12522.6852          +0.2607
        96      -12522.4307          +0.2545
        97      -12522.1751          +0.2557
        98      -12521.9091          +0.2660
        99      -12521.6239          +0.2852
       100      -12521.3167          +0.3071

(elapsed time: 43.434314012527466s).
Training ['d'] model w. 139 examples 

         1      -42648.4227             +nan
         2      -37150.5353       +5497.8874
         3      -36766.7785        +383.7568
         4      -35906.2971        +860.4814
         5      -33997.7622       +1908.5349
         6      -30663.7120       +3334.0503
         7      -26329.9922       +4333.7198
         8      -23193.7298       +3136.2623
         9      -21151.6689       +2042.0609
        10      -19936.9582       +1214.7107
        11      -19380.2974        +556.6608
        12      -19138.1364        +242.1610
        13      -18994.5376        +143.5988
        14      -18879.2188        +115.3188
        15      -18766.0385        +113.1803
        16      -18659.6155        +106.4231
        17      -18574.1821         +85.4334
        18      -18508.8856         +65.2965
        19      -18453.1214         +55.7642
        20      -18401.5878         +51.5335
        21      -18355.5698         +46.0180
        22      -18317.6970         +37.8728
        23      -18287.9426         +29.7544
        24      -18263.9117         +24.0309
        25      -18244.4260         +19.4858
        26      -18229.0283         +15.3977
        27      -18216.2311         +12.7972
        28      -18205.0540         +11.1771
        29      -18195.3074          +9.7466
        30      -18186.7289          +8.5785
        31      -18178.6542          +8.0746
        32      -18170.4729          +8.1813
        33      -18161.6317          +8.8413
        34      -18151.5437         +10.0880
        35      -18140.1903         +11.3534
        36      -18128.3927         +11.7976
        37      -18116.7401         +11.6526
        38      -18103.4479         +13.2922
        39      -18084.7637         +18.6842
        40      -18062.5190         +22.2447
        41      -18046.1756         +16.3434
        42      -18037.9271          +8.2485
        43      -18034.1820          +3.7451
        44      -18032.3490          +1.8330
        45      -18031.2650          +1.0840
        46      -18030.4824          +0.7826
        47      -18029.8341          +0.6483
        48      -18029.2571          +0.5770
        49      -18028.7310          +0.5261
        50      -18028.2525          +0.4784
        51      -18027.8229          +0.4296
        52      -18027.4428          +0.3802
        53      -18027.1107          +0.3321
        54      -18026.8233          +0.2874
        55      -18026.5761          +0.2472
        56      -18026.3638          +0.2122
        57      -18026.1816          +0.1822
        58      -18026.0250          +0.1567
        59      -18025.8899          +0.1351
        60      -18025.7731          +0.1168
        61      -18025.6719          +0.1012
        62      -18025.5839          +0.0880
        63      -18025.5072          +0.0767
        64      -18025.4402          +0.0670
        65      -18025.3816          +0.0586
        66      -18025.3301          +0.0514
        67      -18025.2849          +0.0452
        68      -18025.2451          +0.0398
        69      -18025.2100          +0.0351
        70      -18025.1789          +0.0311
        71      -18025.1514          +0.0275
        72      -18025.1270          +0.0244
        73      -18025.1052          +0.0217
        74      -18025.0859          +0.0193
        75      -18025.0686          +0.0173
        76      -18025.0532          +0.0154
        77      -18025.0394          +0.0138
        78      -18025.0269          +0.0124
        79      -18025.0158          +0.0112
        80      -18025.0057          +0.0101
        81      -18024.9966          +0.0091

(elapsed time: 54.967925786972046s).
Training ['e'] model w. 166 examples 

         1      -46771.0910             +nan
         2      -43282.5538       +3488.5373
         3      -43116.4941        +166.0597
         4      -42784.6229        +331.8712
         5      -41936.3423        +848.2805
         6      -40132.4108       +1803.9315
         7      -37185.8151       +2946.5957
         8      -32642.8599       +4542.9551
         9      -28532.4341       +4110.4259
        10      -26244.1316       +2288.3025
        11      -24779.8360       +1464.2956
        12      -23207.8615       +1571.9745
        13      -21421.4906       +1786.3709
        14      -20293.3945       +1128.0961
        15      -19719.5495        +573.8451
        16      -19446.7785        +272.7709
        17      -19261.0306        +185.7479
        18      -19088.9656        +172.0650
        19      -18914.9236        +174.0420
        20      -18751.8959        +163.0277
        21      -18636.4367        +115.4591
        22      -18560.8533         +75.5834
        23      -18496.3592         +64.4941
        24      -18428.8903         +67.4689
        25      -18359.0051         +69.8851
        26      -18276.7260         +82.2792
        27      -18163.9850        +112.7410
        28      -18073.6522         +90.3328
        29      -18044.9759         +28.6763
        30      -18036.0611          +8.9148
        31      -18030.6435          +5.4176
        32      -18024.2781          +6.3654
        33      -18018.8861          +5.3920
        34      -18016.2475          +2.6386
        35      -18013.6932          +2.5543
        36      -18011.2804          +2.4128
        37      -18009.5017          +1.7786
        38      -18008.1935          +1.3083
        39      -18007.0699          +1.1236
        40      -18005.9756          +1.0943
        41      -18004.9042          +1.0714
        42      -18003.9407          +0.9635
        43      -18003.1539          +0.7868
        44      -18002.5709          +0.5830
        45      -18002.1953          +0.3756
        46      -18001.9760          +0.2193
        47      -18001.8440          +0.1320
        48      -18001.7582          +0.0858
        49      -18001.6994          +0.0589
        50      -18001.6573          +0.0421
        51      -18001.6262          +0.0310
        52      -18001.6028          +0.0234
        53      -18001.5848          +0.0180
        54      -18001.5709          +0.0139
        55      -18001.5600          +0.0109
        56      -18001.5514          +0.0086

(elapsed time: 39.41891384124756s).
Training ['g'] model w. 131 examples 

         1      -42141.3721             +nan
         2      -40006.4995       +2134.8726
         3      -39797.1488        +209.3507
         4      -39418.0310        +379.1178
         5      -38589.3183        +828.7127
         6      -36757.9531       +1831.3653
         7      -33413.1974       +3344.7557
         8      -29062.1852       +4351.0123
         9      -26261.3492       +2800.8359
        10      -24850.3604       +1410.9889
        11      -23714.3654       +1135.9950
        12      -22617.2919       +1097.0734
        13      -21808.2768        +809.0151
        14      -21335.6253        +472.6516
        15      -20986.1425        +349.4827
        16      -20641.9013        +344.2412
        17      -20248.6818        +393.2195
        18      -19755.2632        +493.4186
        19      -19389.4285        +365.8347
        20      -19251.1407        +138.2878
        21      -19160.0833         +91.0574
        22      -19098.6165         +61.4668
        23      -19061.7693         +36.8472
        24      -19040.5399         +21.2294
        25      -19026.8834         +13.6566
        26      -19016.2840         +10.5993
        27      -19007.7746          +8.5094
        28      -19001.4453          +6.3293
        29      -18996.4646          +4.9808
        30      -18992.4812          +3.9833
        31      -18989.2519          +3.2294
        32      -18986.5751          +2.6767
        33      -18984.2919          +2.2833
        34      -18982.2841          +2.0077
        35      -18980.4690          +1.8151
        36      -18978.7898          +1.6792
        37      -18977.2073          +1.5825
        38      -18975.6937          +1.5136
        39      -18974.2282          +1.4656
        40      -18972.7946          +1.4336
        41      -18971.3808          +1.4138
        42      -18969.9776          +1.4032
        43      -18968.5789          +1.3987
        44      -18967.1810          +1.3979
        45      -18965.7822          +1.3988
        46      -18964.3827          +1.3995
        47      -18962.9839          +1.3988
        48      -18961.5880          +1.3959
        49      -18960.1976          +1.3904
        50      -18958.8149          +1.3826
        51      -18957.4419          +1.3731
        52      -18956.0790          +1.3629
        53      -18954.7256          +1.3534
        54      -18953.3796          +1.3460
        55      -18952.0372          +1.3424
        56      -18950.6936          +1.3436
        57      -18949.3431          +1.3505
        58      -18947.9796          +1.3635
        59      -18946.5966          +1.3830
        60      -18945.1877          +1.4089
        61      -18943.7468          +1.4409
        62      -18942.2692          +1.4776
        63      -18940.7533          +1.5159
        64      -18939.2030          +1.5503
        65      -18937.6295          +1.5735
        66      -18936.0518          +1.5778
        67      -18934.4950          +1.5568
        68      -18932.9877          +1.5073
        69      -18931.5581          +1.4295
        70      -18930.2318          +1.3263
        71      -18929.0287          +1.2032
        72      -18927.9609          +1.0678
        73      -18927.0318          +0.9291
        74      -18926.2358          +0.7960
        75      -18925.5595          +0.6763
        76      -18924.9841          +0.5755
        77      -18924.4866          +0.4975
        78      -18924.0426          +0.4440
        79      -18923.6286          +0.4140
        80      -18923.2198          +0.4088
        81      -18922.7704          +0.4494
        82      -18922.1731          +0.5973
        83      -18921.2546          +0.9184
        84      -18919.9534          +1.3012
        85      -18918.6084          +1.3450
        86      -18917.6675          +0.9409
        87      -18917.1405          +0.5270
        88      -18916.8216          +0.3190
        89      -18916.5877          +0.2338
        90      -18916.3943          +0.1935
        91      -18916.2249          +0.1694
        92      -18916.0722          +0.1526
        93      -18915.9323          +0.1399
        94      -18915.8026          +0.1298
        95      -18915.6813          +0.1213
        96      -18915.5673          +0.1140
        97      -18915.4599          +0.1075
        98      -18915.3584          +0.1015
        99      -18915.2624          +0.0959
       100      -18915.1717          +0.0907

(elapsed time: 63.760804176330566s).
Training ['h'] model w. 112 examples 

         1      -33572.6478             +nan
         2      -25603.2978       +7969.3500
         3      -25418.8151        +184.4827
         4      -25085.4928        +333.3223
         5      -24358.6325        +726.8603
         6      -22909.1215       +1449.5110
         7      -20889.3595       +2019.7620
         8      -18504.1608       +2385.1987
         9      -16571.9007       +1932.2601
        10      -15593.3328        +978.5679
        11      -14950.0844        +643.2484
        12      -14597.3801        +352.7042
        13      -14351.3072        +246.0729
        14      -14165.1629        +186.1443
        15      -14027.7364        +137.4265
        16      -13930.4970         +97.2394
        17      -13862.8646         +67.6324
        18      -13809.4282         +53.4364
        19      -13759.3510         +50.0772
        20      -13707.9670         +51.3840
        21      -13660.3160         +47.6510
        22      -13623.7107         +36.6054
        23      -13594.7856         +28.9250
        24      -13567.6868         +27.0989
        25      -13541.8784         +25.8083
        26      -13519.1077         +22.7708
        27      -13499.5062         +19.6015
        28      -13482.6823         +16.8239
        29      -13468.3411         +14.3412
        30      -13456.1869         +12.1542
        31      -13446.0343         +10.1526
        32      -13437.7034          +8.3308
        33      -13430.7759          +6.9276
        34      -13424.6584          +6.1175
        35      -13418.9706          +5.6878
        36      -13413.8372          +5.1334
        37      -13409.3672          +4.4700
        38      -13405.3013          +4.0659
        39      -13401.2486          +4.0527
        40      -13396.7754          +4.4732
        41      -13391.4489          +5.3265
        42      -13385.0760          +6.3730
        43      -13378.0976          +6.9784
        44      -13371.3181          +6.7794
        45      -13364.8761          +6.4420
        46      -13357.6576          +7.2185
        47      -13347.2315         +10.4262
        48      -13333.9101         +13.3214
        49      -13322.8382         +11.0718
        50      -13315.4695          +7.3687
        51      -13310.1632          +5.3063
        52      -13305.6821          +4.4811
        53      -13301.4694          +4.2127
        54      -13297.1997          +4.2697
        55      -13292.6192          +4.5805
        56      -13287.7471          +4.8721
        57      -13282.9102          +4.8370
        58      -13278.1565          +4.7536
        59      -13273.4005          +4.7560
        60      -13268.6528          +4.7477
        61      -13263.9808          +4.6719
        62      -13259.4535          +4.5273
        63      -13255.1192          +4.3343
        64      -13251.0046          +4.1146
        65      -13247.1195          +3.8850
        66      -13243.4619          +3.6577
        67      -13240.0204          +3.4415
        68      -13236.7770          +3.2434
        69      -13233.7082          +3.0688
        70      -13230.7864          +2.9219
        71      -13227.9810          +2.8054
        72      -13225.2606          +2.7204
        73      -13222.5960          +2.6647
        74      -13219.9640          +2.6319
        75      -13217.3528          +2.6112
        76      -13214.7632          +2.5896
        77      -13212.2068          +2.5564
        78      -13209.7013          +2.5055
        79      -13207.2660          +2.4352
        80      -13204.9196          +2.3465
        81      -13202.6784          +2.2412
        82      -13200.5562          +2.1222
        83      -13198.5632          +1.9930
        84      -13196.7046          +1.8586
        85      -13194.9799          +1.7247
        86      -13193.3826          +1.5973
        87      -13191.9012          +1.4814
        88      -13190.5209          +1.3803
        89      -13189.2261          +1.2948
        90      -13188.0021          +1.2240
        91      -13186.8359          +1.1662
        92      -13185.7168          +1.1191
        93      -13184.6362          +1.0806
        94      -13183.5869          +1.0493
        95      -13182.5627          +1.0242
        96      -13181.5580          +1.0047
        97      -13180.5674          +0.9906
        98      -13179.5853          +0.9821
        99      -13178.6059          +0.9794
       100      -13177.6229          +0.9830

(elapsed time: 49.41032695770264s).
Training ['l'] model w. 156 examples 

         1      -28418.7837             +nan
         2      -23805.8576       +4612.9260
         3      -23510.6995        +295.1581
         4      -22835.3413        +675.3583
         5      -21388.9724       +1446.3689
         6      -19562.5381       +1826.4343
         7      -17857.6643       +1704.8737
         8      -16245.5828       +1612.0815
         9      -14746.5260       +1499.0569
        10      -13567.1391       +1179.3868
        11      -12915.3876        +651.7515
        12      -12612.7415        +302.6462
        13      -12441.5372        +171.2043
        14      -12319.3599        +122.1772
        15      -12230.2508         +89.1091
        16      -12170.8258         +59.4251
        17      -12133.2941         +37.5316
        18      -12107.7465         +25.5476
        19      -12085.4165         +22.3301
        20      -12059.9687         +25.4477
        21      -12030.4975         +29.4712
        22      -12004.3496         +26.1479
        23      -11987.9873         +16.3623
        24      -11978.0512          +9.9361
        25      -11970.6534          +7.3977
        26      -11964.5427          +6.1108
        27      -11959.2789          +5.2638
        28      -11954.5010          +4.7779
        29      -11949.8591          +4.6419
        30      -11945.0907          +4.7683
        31      -11940.0585          +5.0322
        32      -11934.7444          +5.3141
        33      -11929.2298          +5.5146
        34      -11923.6608          +5.5690
        35      -11918.1870          +5.4739
        36      -11912.8795          +5.3074
        37      -11907.6430          +5.2366
        38      -11902.0962          +5.5467
        39      -11895.3785          +6.7177
        40      -11886.0471          +9.3314
        41      -11872.9176         +13.1295
        42      -11857.2909         +15.6267
        43      -11843.1296         +14.1614
        44      -11832.6680         +10.4616
        45      -11824.7326          +7.9354
        46      -11817.6851          +7.0475
        47      -11810.7336          +6.9515
        48      -11803.5518          +7.1818
        49      -11796.1272          +7.4246
        50      -11789.0119          +7.1153
        51      -11783.1093          +5.9025
        52      -11778.8873          +4.2220
        53      -11776.1423          +2.7450
        54      -11774.4207          +1.7216
        55      -11773.3254          +1.0953
        56      -11772.5833          +0.7421
        57      -11772.0322          +0.5511
        58      -11771.5869          +0.4453
        59      -11771.2060          +0.3809
        60      -11770.8661          +0.3399
        61      -11770.4341          +0.4319
        62      -11768.7653          +1.6688
        63      -11767.0159          +1.7494
        64      -11766.3813          +0.6346
        65      -11765.9328          +0.4485
        66      -11765.5775          +0.3553
        67      -11765.2683          +0.3093
        68      -11764.9616          +0.3067
        69      -11764.6170          +0.3446
        70      -11764.2172          +0.3998
        71      -11763.8011          +0.4161
        72      -11763.4250          +0.3762
        73      -11763.0196          +0.4054
        74      -11762.2808          +0.7387
        75      -11760.9588          +1.3221
        76      -11759.6565          +1.3022
        77      -11758.8607          +0.7958
        78      -11758.3630          +0.4978
        79      -11758.0173          +0.3457
        80      -11757.7705          +0.2468
        81      -11757.5909          +0.1796
        82      -11757.4572          +0.1336
        83      -11757.3558          +0.1015
        84      -11757.2773          +0.0784
        85      -11757.2157          +0.0616
        86      -11757.1665          +0.0492
        87      -11757.1266          +0.0399
        88      -11757.0937          +0.0329
        89      -11757.0662          +0.0275
        90      -11757.0428          +0.0234
        91      -11757.0226          +0.0202
        92      -11757.0049          +0.0176
        93      -11756.9893          +0.0156
        94      -11756.9753          +0.0140
        95      -11756.9627          +0.0127
        96      -11756.9511          +0.0115
        97      -11756.9405          +0.0106
        98      -11756.9307          +0.0098

(elapsed time: 42.779709577560425s).
Training ['m'] model w. 114 examples 

         1      -40230.3291             +nan
         2      -30040.9300      +10189.3991
         3      -29911.4638        +129.4662
         4      -29682.5349        +228.9289
         5      -29139.8121        +542.7228
         6      -27632.7477       +1507.0644
         7      -24560.4279       +3072.3198
         8      -21831.9272       +2728.5006
         9      -20258.4692       +1573.4580
        10      -18695.7795       +1562.6896
        11      -17692.6061       +1003.1734
        12      -17197.5267        +495.0795
        13      -16849.2000        +348.3266
        14      -16489.9862        +359.2138
        15      -15989.4600        +500.5262
        16      -15487.8306        +501.6294
        17      -15199.4119        +288.4187
        18      -15035.9767        +163.4353
        19      -14934.7136        +101.2630
        20      -14874.4080         +60.3056
        21      -14834.0226         +40.3854
        22      -14803.9271         +30.0955
        23      -14781.2084         +22.7187
        24      -14763.1526         +18.0557
        25      -14747.5709         +15.5817
        26      -14734.1560         +13.4149
        27      -14722.7424         +11.4136
        28      -14712.9898          +9.7526
        29      -14704.6523          +8.3375
        30      -14697.4045          +7.2478
        31      -14690.8787          +6.5259
        32      -14684.8339          +6.0447
        33      -14679.2008          +5.6332
        34      -14674.0192          +5.1815
        35      -14669.3474          +4.6719
        36      -14665.1976          +4.1498
        37      -14661.5168          +3.6808
        38      -14658.1933          +3.3236
        39      -14655.0932          +3.1001
        40      -14652.1828          +2.9104
        41      -14649.5355          +2.6473
        42      -14647.1322          +2.4034
        43      -14644.9038          +2.2283
        44      -14642.8094          +2.0944
        45      -14640.8264          +1.9830
        46      -14638.9386          +1.8879
        47      -14637.1306          +1.8080
        48      -14635.3878          +1.7428
        49      -14633.6959          +1.6918
        50      -14632.0421          +1.6539
        51      -14630.4145          +1.6275
        52      -14628.8031          +1.6114
        53      -14627.1990          +1.6041
        54      -14625.5949          +1.6041
        55      -14623.9848          +1.6102
        56      -14622.3640          +1.6207
        57      -14620.7298          +1.6343
        58      -14619.0807          +1.6490
        59      -14617.4176          +1.6632
        60      -14615.7429          +1.6746
        61      -14614.0617          +1.6813
        62      -14612.3808          +1.6809
        63      -14610.7094          +1.6714
        64      -14609.0586          +1.6508
        65      -14607.4406          +1.6180
        66      -14605.8683          +1.5723
        67      -14604.3543          +1.5141
        68      -14602.9095          +1.4448
        69      -14601.5426          +1.3669
        70      -14600.2594          +1.2832
        71      -14599.0625          +1.1970
        72      -14597.9512          +1.1113
        73      -14596.9226          +1.0286
        74      -14595.9718          +0.9508
        75      -14595.0926          +0.8792
        76      -14594.2784          +0.8142
        77      -14593.5225          +0.7559
        78      -14592.8182          +0.7043
        79      -14592.1594          +0.6588
        80      -14591.5404          +0.6191
        81      -14590.9559          +0.5845
        82      -14590.4013          +0.5546
        83      -14589.8723          +0.5290
        84      -14589.3652          +0.5071
        85      -14588.8765          +0.4887
        86      -14588.4032          +0.4733
        87      -14587.9424          +0.4608
        88      -14587.4916          +0.4508
        89      -14587.0484          +0.4432
        90      -14586.6106          +0.4379
        91      -14586.1758          +0.4348
        92      -14585.7416          +0.4342
        93      -14585.3052          +0.4364
        94      -14584.8631          +0.4421
        95      -14584.4113          +0.4519
        96      -14583.9458          +0.4654
        97      -14583.4659          +0.4799
        98      -14582.9763          +0.4897
        99      -14582.4854          +0.4909
       100      -14581.9983          +0.4870

(elapsed time: 61.58642506599426s).
Training ['n'] model w. 121 examples 

         1      -36923.3589             +nan
         2      -27202.4865       +9720.8724
         3      -26926.3945        +276.0920
         4      -26084.0566        +842.3379
         5      -23851.4834       +2232.5732
         6      -21680.8853       +2170.5981
         7      -20385.3084       +1295.5770
         8      -18892.1523       +1493.1560
         9      -17435.5539       +1456.5984
        10      -16610.2421        +825.3119
        11      -15938.5303        +671.7118
        12      -15207.8513        +730.6790
        13      -14794.5232        +413.3281
        14      -14593.8239        +200.6993
        15      -14439.3287        +154.4953
        16      -14292.0437        +147.2850
        17      -14169.7826        +122.2611
        18      -14084.7270         +85.0557
        19      -14025.3630         +59.3639
        20      -13984.8105         +40.5526
        21      -13958.3754         +26.4351
        22      -13941.3928         +16.9826
        23      -13929.9273         +11.4656
        24      -13921.2266          +8.7007
        25      -13913.6946          +7.5320
        26      -13906.6820          +7.0126
        27      -13900.0651          +6.6169
        28      -13893.8449          +6.2202
        29      -13888.1644          +5.6805
        30      -13883.2419          +4.9225
        31      -13879.1824          +4.0594
        32      -13875.9001          +3.2824
        33      -13873.1572          +2.7429
        34      -13870.6337          +2.5235
        35      -13868.0079          +2.6258
        36      -13865.0868          +2.9212
        37      -13861.7604          +3.3263
        38      -13857.7639          +3.9965
        39      -13852.8577          +4.9062
        40      -13847.2101          +5.6476
        41      -13841.3638          +5.8463
        42      -13835.8350          +5.5289
        43      -13830.9138          +4.9212
        44      -13826.7198          +4.1940
        45      -13823.1818          +3.5380
        46      -13820.1367          +3.0451
        47      -13817.4566          +2.6802
        48      -13815.0172          +2.4394
        49      -13812.7130          +2.3041
        50      -13810.4799          +2.2332
        51      -13808.2698          +2.2100
        52      -13806.0340          +2.2358
        53      -13803.7388          +2.2953
        54      -13801.3978          +2.3410
        55      -13799.0712          +2.3266
        56      -13796.8122          +2.2590
        57      -13794.6256          +2.1866
        58      -13792.4816          +2.1440
        59      -13790.3460          +2.1355
        60      -13788.1888          +2.1572
        61      -13785.9747          +2.2141
        62      -13783.6504          +2.3243
        63      -13781.1374          +2.5130
        64      -13778.3532          +2.7842
        65      -13775.2940          +3.0591
        66      -13772.1341          +3.1599
        67      -13769.1612          +2.9729
        68      -13766.5552          +2.6060
        69      -13764.3087          +2.2465
        70      -13762.3245          +1.9842
        71      -13760.5010          +1.8235
        72      -13758.7563          +1.7447
        73      -13757.0279          +1.7285
        74      -13755.2699          +1.7580
        75      -13753.4526          +1.8173
        76      -13751.5600          +1.8926
        77      -13749.5880          +1.9720
        78      -13747.5508          +2.0372
        79      -13745.4989          +2.0519
        80      -13743.5168          +1.9821
        81      -13741.6762          +1.8406
        82      -13739.9908          +1.6853
        83      -13738.4261          +1.5648
        84      -13736.9338          +1.4923
        85      -13735.4724          +1.4614
        86      -13734.0067          +1.4656
        87      -13732.4942          +1.5125
        88      -13730.8569          +1.6373
        89      -13728.9751          +1.8819
        90      -13726.8382          +2.1368
        91      -13724.6883          +2.1500
        92      -13722.6828          +2.0054
        93      -13720.7543          +1.9285
        94      -13718.8168          +1.9375
        95      -13716.8223          +1.9945
        96      -13714.7239          +2.0983
        97      -13712.4470          +2.2769
        98      -13709.8870          +2.5601
        99      -13706.9438          +2.9432
       100      -13703.5096          +3.4342

(elapsed time: 54.73861575126648s).
Training ['o'] model w. 127 examples 

         1      -35465.0384             +nan
         2      -34504.1467        +960.8917
         3      -34339.0295        +165.1172
         4      -34039.4203        +299.6092
         5      -33329.9567        +709.4635
         6      -31537.6046       +1792.3522
         7      -28236.1921       +3301.4125
         8      -23081.9898       +5154.2023
         9      -18494.9669       +4587.0229
        10      -16708.9781       +1785.9888
        11      -16025.5753        +683.4028
        12      -15692.3882        +333.1870
        13      -15497.8792        +194.5090
        14      -15318.3689        +179.5104
        15      -15225.9169         +92.4519
        16      -15189.7132         +36.2037
        17      -15164.1449         +25.5683
        18      -15134.5328         +29.6121
        19      -15084.6590         +49.8738
        20      -15005.4529         +79.2061
        21      -14930.5640         +74.8888
        22      -14881.7880         +48.7760
        23      -14851.0328         +30.7552
        24      -14829.7471         +21.2858
        25      -14815.0136         +14.7335
        26      -14805.3861          +9.6275
        27      -14798.7784          +6.6077
        28      -14793.8306          +4.9478
        29      -14790.2163          +3.6143
        30      -14786.9420          +3.2743
        31      -14783.0074          +3.9346
        32      -14777.4759          +5.5315
        33      -14770.0412          +7.4347
        34      -14761.8007          +8.2405
        35      -14754.6518          +7.1489
        36      -14748.9204          +5.7314
        37      -14743.2285          +5.6919
        38      -14736.4882          +6.7403
        39      -14728.7771          +7.7111
        40      -14720.5144          +8.2627
        41      -14711.0693          +9.4451
        42      -14701.6146          +9.4547
        43      -14694.4125          +7.2021
        44      -14688.1195          +6.2930
        45      -14682.7191          +5.4004
        46      -14678.1078          +4.6114
        47      -14673.3870          +4.7207
        48      -14669.1101          +4.2770
        49      -14666.3461          +2.7639
        50      -14665.0988          +1.2473
        51      -14664.6506          +0.4483
        52      -14664.4973          +0.1533
        53      -14664.4356          +0.0617
        54      -14664.4009          +0.0347
        55      -14664.3732          +0.0276
        56      -14664.3415          +0.0317
        57      -14664.2849          +0.0566
        58      -14664.1518          +0.1330
        59      -14663.8769          +0.2749
        60      -14663.5396          +0.3373
        61      -14663.3045          +0.2351
        62      -14663.1104          +0.1941
        63      -14662.7449          +0.3656
        64      -14661.1400          +1.6049
        65      -14659.3571          +1.7829
        66      -14658.5938          +0.7633
        67      -14657.9360          +0.6579
        68      -14657.3830          +0.5530
        69      -14656.9235          +0.4595
        70      -14656.5189          +0.4046
        71      -14656.1597          +0.3592
        72      -14655.8656          +0.2941
        73      -14655.6468          +0.2188
        74      -14655.4934          +0.1534
        75      -14655.3881          +0.1053
        76      -14655.3156          +0.0725
        77      -14655.2648          +0.0508
        78      -14655.2282          +0.0365
        79      -14655.2013          +0.0270
        80      -14655.1808          +0.0205
        81      -14655.1649          +0.0159
        82      -14655.1522          +0.0127
        83      -14655.1419          +0.0103
        84      -14655.1334          +0.0085

(elapsed time: 46.28379011154175s).
Training ['p'] model w. 118 examples 

         1      -38622.0933             +nan
         2      -36609.3844       +2012.7089
         3      -36384.3594        +225.0250
         4      -35990.5276        +393.8318
         5      -35092.0768        +898.4507
         6      -32811.3896       +2280.6872
         7      -28412.6893       +4398.7003
         8      -25085.1961       +3327.4932
         9      -23911.3163       +1173.8798
        10      -22895.0150       +1016.3012
        11      -21990.7691        +904.2459
        12      -21655.5962        +335.1729
        13      -21334.4792        +321.1170
        14      -20916.3451        +418.1341
        15      -20612.7677        +303.5773
        16      -20455.7559        +157.0119
        17      -20342.9145        +112.8414
        18      -20246.3729         +96.5416
        19      -20160.5858         +85.7871
        20      -20082.2717         +78.3141
        21      -19991.1205         +91.1512
        22      -19812.9819        +178.1387
        23      -19480.9144        +332.0675
        24      -19185.1779        +295.7365
        25      -19037.9965        +147.1813
        26      -18958.3927         +79.6038
        27      -18906.7322         +51.6605
        28      -18878.7123         +28.0199
        29      -18861.0542         +17.6581
        30      -18847.2826         +13.7717
        31      -18835.8523         +11.4302
        32      -18825.6971         +10.1553
        33      -18816.1155          +9.5815
        34      -18807.4703          +8.6452
        35      -18800.4338          +7.0365
        36      -18795.0744          +5.3594
        37      -18790.9376          +4.1368
        38      -18787.5274          +3.4102
        39      -18784.4763          +3.0511
        40      -18781.5696          +2.9067
        41      -18778.7107          +2.8589
        42      -18775.8907          +2.8201
        43      -18773.2056          +2.6851
        44      -18770.8480          +2.3576
        45      -18768.9878          +1.8602
        46      -18767.6356          +1.3522
        47      -18766.6735          +0.9622
        48      -18765.9700          +0.7035
        49      -18765.4317          +0.5383
        50      -18764.9998          +0.4319
        51      -18764.6374          +0.3623
        52      -18764.3206          +0.3169
        53      -18764.0329          +0.2877
        54      -18763.7638          +0.2691
        55      -18763.5075          +0.2563
        56      -18763.2623          +0.2452
        57      -18763.0290          +0.2333
        58      -18762.8083          +0.2207
        59      -18762.5988          +0.2095
        60      -18762.3976          +0.2012
        61      -18762.2011          +0.1965
        62      -18762.0062          +0.1949
        63      -18761.8106          +0.1956
        64      -18761.6124          +0.1982
        65      -18761.4096          +0.2028
        66      -18761.2001          +0.2095
        67      -18760.9808          +0.2193
        68      -18760.7477          +0.2332
        69      -18760.4949          +0.2527
        70      -18760.2152          +0.2797
        71      -18759.8995          +0.3157
        72      -18759.5377          +0.3618
        73      -18759.1198          +0.4180
        74      -18758.6384          +0.4814
        75      -18758.0929          +0.5454
        76      -18757.4943          +0.5986
        77      -18756.8672          +0.6271
        78      -18756.2461          +0.6211
        79      -18755.6645          +0.5816
        80      -18755.1440          +0.5205
        81      -18754.6920          +0.4520
        82      -18754.3067          +0.3853
        83      -18753.9828          +0.3239
        84      -18753.7143          +0.2685
        85      -18753.4947          +0.2196
        86      -18753.3173          +0.1775
        87      -18753.1749          +0.1424
        88      -18753.0609          +0.1140
        89      -18752.9692          +0.0916
        90      -18752.8949          +0.0744
        91      -18752.8336          +0.0613
        92      -18752.7822          +0.0514
        93      -18752.7383          +0.0439
        94      -18752.7001          +0.0383
        95      -18752.6661          +0.0340
        96      -18752.6353          +0.0307
        97      -18752.6072          +0.0281
        98      -18752.5811          +0.0261
        99      -18752.5567          +0.0244
       100      -18752.5336          +0.0231

(elapsed time: 60.396586894989014s).
Training ['q'] model w. 111 examples 

         1      -42004.2455             +nan
         2      -39694.8430       +2309.4025
         3      -39393.9198        +300.9232
         4      -38774.6869        +619.2329
         5      -37452.5956       +1322.0912
         6      -35062.5829       +2390.0127
         7      -31162.2544       +3900.3285
         8      -27237.2888       +3924.9656
         9      -25617.6780       +1619.6109
        10      -24489.7551       +1127.9229
        11      -23122.6608       +1367.0943
        12      -22158.9289        +963.7320
        13      -21705.1926        +453.7363
        14      -21482.8102        +222.3824
        15      -21365.4217        +117.3885
        16      -21294.2375         +71.1842
        17      -21242.8448         +51.3927
        18      -21202.8375         +40.0073
        19      -21169.2051         +33.6325
        20      -21138.5710         +30.6341
        21      -21109.2924         +29.2786
        22      -21081.1688         +28.1236
        23      -21054.8521         +26.3167
        24      -21030.8147         +24.0374
        25      -21008.9260         +21.8887
        26      -20988.6703         +20.2557
        27      -20969.4632         +19.2071
        28      -20950.8425         +18.6207
        29      -20932.5411         +18.3014
        30      -20914.4919         +18.0492
        31      -20896.6205         +17.8713
        32      -20879.1715         +17.4490
        33      -20863.8662         +15.3054
        34      -20851.9563         +11.9098
        35      -20842.9801          +8.9763
        36      -20836.1376          +6.8425
        37      -20830.7841          +5.3535
        38      -20826.5412          +4.2429
        39      -20823.2332          +3.3081
        40      -20820.7192          +2.5140
        41      -20818.7914          +1.9278
        42      -20817.1514          +1.6400
        43      -20815.4379          +1.7135
        44      -20813.3839          +2.0540
        45      -20811.1467          +2.2372
        46      -20809.2253          +1.9214
        47      -20807.8452          +1.3801
        48      -20806.8986          +0.9466
        49      -20806.2308          +0.6678
        50      -20805.7328          +0.4980
        51      -20805.3344          +0.3984
        52      -20804.9896          +0.3449
        53      -20804.6679          +0.3217
        54      -20804.3508          +0.3171
        55      -20804.0305          +0.3203
        56      -20803.7090          +0.3214
        57      -20803.3947          +0.3143
        58      -20803.0960          +0.2987
        59      -20802.8173          +0.2787
        60      -20802.5583          +0.2590
        61      -20802.3160          +0.2422
        62      -20802.0872          +0.2289
        63      -20801.8684          +0.2187
        64      -20801.6569          +0.2116
        65      -20801.4496          +0.2073
        66      -20801.2434          +0.2061
        67      -20801.0351          +0.2083
        68      -20800.8210          +0.2142
        69      -20800.5970          +0.2239
        70      -20800.3591          +0.2379
        71      -20800.1027          +0.2565
        72      -20799.8227          +0.2800
        73      -20799.5136          +0.3091
        74      -20799.1692          +0.3444
        75      -20798.7821          +0.3871
        76      -20798.3438          +0.4383
        77      -20797.8440          +0.4998
        78      -20797.2702          +0.5738
        79      -20796.6070          +0.6632
        80      -20795.8352          +0.7718
        81      -20794.9306          +0.9046
        82      -20793.8619          +1.0687
        83      -20792.5876          +1.2743
        84      -20791.0505          +1.5371
        85      -20789.1675          +1.8831
        86      -20786.8115          +2.3560
        87      -20783.7796          +3.0319
        88      -20779.7285          +4.0512
        89      -20774.0213          +5.7072
        90      -20765.2873          +8.7340
        91      -20750.0994         +15.1879
        92      -20721.4879         +28.6115
        93      -20678.0252         +43.4627
        94      -20629.0377         +48.9875
        95      -20580.8977         +48.1399
        96      -20533.3176         +47.5801
        97      -20478.2605         +55.0571
        98      -20405.7270         +72.5335
        99      -20306.8350         +98.8920
       100      -20189.7518        +117.0832

(elapsed time: 64.6407732963562s).
Training ['r'] model w. 106 examples 

         1      -32238.0311             +nan
         2      -30327.1913       +1910.8398
         3      -30103.5940        +223.5972
         4      -29612.6828        +490.9113
         5      -28395.8607       +1216.8220
         6      -26505.1938       +1890.6669
         7      -25012.3158       +1492.8780
         8      -23875.3985       +1136.9173
         9      -22700.8951       +1174.5034
        10      -21133.5544       +1567.3407
        11      -19390.2397       +1743.3146
        12      -18084.1764       +1306.0634
        13      -17199.1195        +885.0569
        14      -16612.6690        +586.4504
        15      -16311.0044        +301.6646
        16      -16157.4110        +153.5935
        17      -16069.4837         +87.9273
        18      -16011.5198         +57.9640
        19      -15975.1012         +36.4185
        20      -15953.0396         +22.0616
        21      -15939.3350         +13.7046
        22      -15930.1493          +9.1857
        23      -15922.9211          +7.2282
        24      -15916.1000          +6.8212
        25      -15908.5513          +7.5487
        26      -15899.1345          +9.4167
        27      -15887.0402         +12.0943
        28      -15872.7473         +14.2929
        29      -15857.5908         +15.1565
        30      -15842.3031         +15.2877
        31      -15827.0910         +15.2121
        32      -15811.4596         +15.6314
        33      -15798.6352         +12.8244
        34      -15790.9304          +7.7049
        35      -15785.7799          +5.1504
        36      -15781.8758          +3.9041
        37      -15778.8291          +3.0467
        38      -15776.4344          +2.3948
        39      -15774.5339          +1.9004
        40      -15772.9925          +1.5414
        41      -15771.6886          +1.3039
        42      -15770.5247          +1.1639
        43      -15769.4435          +1.0812
        44      -15768.4263          +1.0172
        45      -15767.4733          +0.9530
        46      -15766.5850          +0.8883
        47      -15765.7541          +0.8309
        48      -15764.9679          +0.7862
        49      -15764.2134          +0.7545
        50      -15763.4815          +0.7319
        51      -15762.7676          +0.7139
        52      -15762.0705          +0.6971
        53      -15761.3898          +0.6807
        54      -15760.7233          +0.6664
        55      -15760.0664          +0.6569
        56      -15759.4118          +0.6546
        57      -15758.7516          +0.6602
        58      -15758.0800          +0.6716
        59      -15757.3962          +0.6838
        60      -15756.7066          +0.6896
        61      -15756.0252          +0.6814
        62      -15755.3705          +0.6547
        63      -15754.7609          +0.6096
        64      -15754.2103          +0.5506
        65      -15753.7252          +0.4851
        66      -15753.3057          +0.4196
        67      -15752.9471          +0.3586
        68      -15752.6429          +0.3041
        69      -15752.3865          +0.2564
        70      -15752.1714          +0.2151
        71      -15751.9920          +0.1794
        72      -15751.8429          +0.1490
        73      -15751.7194          +0.1235
        74      -15751.6170          +0.1024
        75      -15751.5319          +0.0851
        76      -15751.4608          +0.0711
        77      -15751.4012          +0.0596
        78      -15751.3509          +0.0503
        79      -15751.3082          +0.0427
        80      -15751.2718          +0.0364
        81      -15751.2407          +0.0311
        82      -15751.2139          +0.0267
        83      -15751.1909          +0.0231
        84      -15751.1709          +0.0200
        85      -15751.1535          +0.0174
        86      -15751.1383          +0.0152
        87      -15751.1250          +0.0133
        88      -15751.1132          +0.0117
        89      -15751.1028          +0.0104
        90      -15751.0936          +0.0092

(elapsed time: 47.60392236709595s).
Training ['s'] model w. 119 examples 

         1      -38496.3141             +nan
         2      -34586.9095       +3909.4045
         3      -34302.4640        +284.4455
         4      -33664.9419        +637.5221
         5      -32140.8267       +1524.1152
         6      -29559.7233       +2581.1034
         7      -26708.6368       +2851.0865
         8      -24349.0398       +2359.5969
         9      -22759.5512       +1589.4886
        10      -21739.5063       +1020.0450
        11      -20900.4166        +839.0897
        12      -19922.2365        +978.1801
        13      -18974.6152        +947.6213
        14      -18467.9408        +506.6744
        15      -18136.9604        +330.9805
        16      -17976.7451        +160.2153
        17      -17903.1877         +73.5574
        18      -17858.6195         +44.5681
        19      -17825.0748         +33.5447
        20      -17793.2010         +31.8739
        21      -17756.5167         +36.6843
        22      -17708.0409         +48.4758
        23      -17630.9827         +77.0581
        24      -17489.4663        +141.5164
        25      -17360.3729        +129.0934
        26      -17297.2464         +63.1265
        27      -17266.5027         +30.7437
        28      -17245.3862         +21.1165
        29      -17230.8276         +14.5585
        30      -17220.7296         +10.0980
        31      -17213.6735          +7.0562
        32      -17208.3687          +5.3048
        33      -17203.8700          +4.4986
        34      -17199.7538          +4.1162
        35      -17195.8379          +3.9160
        36      -17191.9937          +3.8441
        37      -17188.1419          +3.8519
        38      -17184.3090          +3.8329
        39      -17180.5858          +3.7232
        40      -17177.0130          +3.5728
        41      -17173.5618          +3.4512
        42      -17170.1882          +3.3735
        43      -17166.8611          +3.3271
        44      -17163.5543          +3.3069
        45      -17160.2318          +3.3224
        46      -17156.8417          +3.3901
        47      -17153.3167          +3.5250
        48      -17149.5773          +3.7394
        49      -17145.5331          +4.0443
        50      -17141.0839          +4.4492
        51      -17136.1239          +4.9599
        52      -17130.5514          +5.5725
        53      -17124.2863          +6.2651
        54      -17117.3024          +6.9839
        55      -17109.6771          +7.6254
        56      -17101.6563          +8.0207
        57      -17093.7089          +7.9474
        58      -17086.4988          +7.2101
        59      -17080.6903          +5.8085
        60      -17076.6231          +4.0672
        61      -17074.1290          +2.4941
        62      -17072.7066          +1.4224
        63      -17071.8546          +0.8520
        64      -17071.2427          +0.6119
        65      -17070.6982          +0.5445
        66      -17070.1469          +0.5513
        67      -17069.5775          +0.5694
        68      -17069.0136          +0.5639
        69      -17068.4808          +0.5328
        70      -17067.9891          +0.4916
        71      -17067.5455          +0.4436
        72      -17067.1691          +0.3765
        73      -17066.8769          +0.2922
        74      -17066.6644          +0.2125
        75      -17066.5107          +0.1537
        76      -17066.3928          +0.1180
        77      -17066.2905          +0.1023
        78      -17066.1850          +0.1055
        79      -17066.0536          +0.1315
        80      -17065.8644          +0.1892
        81      -17065.5768          +0.2875
        82      -17065.1580          +0.4188
        83      -17064.6218          +0.5362
        84      -17064.0502          +0.5715
        85      -17063.5391          +0.5112
        86      -17063.1195          +0.4196
        87      -17062.7611          +0.3584
        88      -17062.4244          +0.3367
        89      -17062.0912          +0.3332
        90      -17061.7623          +0.3288
        91      -17061.4420          +0.3203
        92      -17061.1273          +0.3147
        93      -17060.8101          +0.3173
        94      -17060.4814          +0.3286
        95      -17060.1350          +0.3464
        96      -17059.7671          +0.3680
        97      -17059.3767          +0.3904
        98      -17058.9658          +0.4109
        99      -17058.5392          +0.4266
       100      -17058.1037          +0.4355

(elapsed time: 57.62829947471619s).
Training ['u'] model w. 120 examples 

         1      -36611.7166             +nan
         2      -33260.6288       +3351.0878
         3      -33148.2733        +112.3555
         4      -32961.0812        +187.1921
         5      -32577.2684        +383.8128
         6      -31673.2746        +903.9938
         7      -29531.8483       +2141.4263
         8      -26228.6569       +3303.1914
         9      -23816.9139       +2411.7430
        10      -22279.8932       +1537.0207
        11      -21233.0670       +1046.8263
        12      -20482.0786        +750.9884
        13      -19925.5345        +556.5441
        14      -19649.7696        +275.7649
        15      -19486.0042        +163.7654
        16      -19339.2395        +146.7647
        17      -19154.6393        +184.6002
        18      -18919.6002        +235.0390
        19      -18703.1974        +216.4028
        20      -18523.4007        +179.7967
        21      -18332.1570        +191.2438
        22      -18067.2463        +264.9106
        23      -17739.4759        +327.7704
        24      -17479.4729        +260.0030
        25      -17314.8541        +164.6189
        26      -17187.9942        +126.8599
        27      -17090.1512         +97.8430
        28      -17023.1093         +67.0419
        29      -16986.1582         +36.9511
        30      -16965.5388         +20.6194
        31      -16950.8103         +14.7285
        32      -16936.9263         +13.8840
        33      -16921.8981         +15.0283
        34      -16904.4145         +17.4836
        35      -16885.3275         +19.0869
        36      -16868.6204         +16.7071
        37      -16856.5430         +12.0774
        38      -16847.0314          +9.5116
        39      -16838.4594          +8.5720
        40      -16829.4468          +9.0126
        41      -16815.9299         +13.5169
        42      -16799.6595         +16.2704
        43      -16786.5472         +13.1123
        44      -16778.1390          +8.4082
        45      -16772.7594          +5.3796
        46      -16769.0748          +3.6846
        47      -16765.7905          +3.2844
        48      -16762.1544          +3.6361
        49      -16759.4403          +2.7141
        50      -16758.1134          +1.3269
        51      -16757.4186          +0.6947
        52      -16756.9871          +0.4315
        53      -16756.6881          +0.2990
        54      -16756.4658          +0.2223
        55      -16756.2932          +0.1726
        56      -16756.1555          +0.1377
        57      -16756.0434          +0.1122
        58      -16755.9498          +0.0936
        59      -16755.8679          +0.0819
        60      -16755.7871          +0.0807
        61      -16755.6855          +0.1016
        62      -16755.5144          +0.1711
        63      -16755.1937          +0.3206
        64      -16754.6930          +0.5007
        65      -16754.1559          +0.5371
        66      -16753.7496          +0.4063
        67      -16753.4912          +0.2584
        68      -16753.3353          +0.1559
        69      -16753.2414          +0.0939
        70      -16753.1827          +0.0587
        71      -16753.1435          +0.0392
        72      -16753.1154          +0.0281
        73      -16753.0937          +0.0216
        74      -16753.0762          +0.0176
        75      -16753.0614          +0.0147
        76      -16753.0487          +0.0127
        77      -16753.0377          +0.0111
        78      -16753.0279          +0.0097

(elapsed time: 49.66313910484314s).
Training ['v'] model w. 138 examples 

         1      -36374.1223             +nan
         2      -33453.0273       +2921.0950
         3      -33302.0162        +151.0111
         4      -33050.0578        +251.9584
         5      -32542.2186        +507.8393
         6      -31376.2119       +1166.0067
         7      -28977.4036       +2398.8083
         8      -26730.5742       +2246.8294
         9      -25104.3727       +1626.2015
        10      -23358.9412       +1745.4314
        11      -21573.6198       +1785.3215
        12      -20422.9362       +1150.6836
        13      -19745.1878        +677.7484
        14      -19341.7954        +403.3923
        15      -18972.2899        +369.5055
        16      -18686.3720        +285.9179
        17      -18405.8995        +280.4725
        18      -18134.1923        +271.7072
        19      -17996.8209        +137.3714
        20      -17931.3940         +65.4269
        21      -17894.1113         +37.2827
        22      -17872.0585         +22.0528
        23      -17857.2784         +14.7801
        24      -17845.7872         +11.4912
        25      -17835.7571         +10.0301
        26      -17826.2544          +9.5027
        27      -17816.6330          +9.6214
        28      -17806.1014         +10.5316
        29      -17792.9484         +13.1530
        30      -17772.4615         +20.4870
        31      -17738.3002         +34.1613
        32      -17700.6432         +37.6570
        33      -17672.2970         +28.3462
        34      -17652.7917         +19.5054
        35      -17637.9569         +14.8348
        36      -17624.7206         +13.2363
        37      -17610.9442         +13.7764
        38      -17594.4558         +16.4884
        39      -17571.5028         +22.9530
        40      -17536.4314         +35.0714
        41      -17492.7579         +43.6735
        42      -17456.3665         +36.3914
        43      -17431.8965         +24.4700
        44      -17416.3280         +15.5685
        45      -17406.6256          +9.7024
        46      -17400.4181          +6.2075
        47      -17395.9874          +4.4307
        48      -17392.3691          +3.6183
        49      -17389.4128          +2.9563
        50      -17387.0811          +2.3317
        51      -17385.2937          +1.7873
        52      -17383.9422          +1.3515
        53      -17382.9206          +1.0216
        54      -17382.1448          +0.7759
        55      -17381.5492          +0.5955
        56      -17381.0839          +0.4654
        57      -17380.7116          +0.3722
        58      -17380.4061          +0.3056
        59      -17380.1487          +0.2573
        60      -17379.9270          +0.2218
        61      -17379.7321          +0.1949
        62      -17379.5579          +0.1741
        63      -17379.4003          +0.1576
        64      -17379.2557          +0.1446
        65      -17379.1209          +0.1349
        66      -17378.9913          +0.1295
        67      -17378.8592          +0.1322
        68      -17378.7082          +0.1510
        69      -17378.5056          +0.2026
        70      -17378.1957          +0.3100
        71      -17377.7180          +0.4777
        72      -17377.0680          +0.6499
        73      -17376.3291          +0.7389
        74      -17375.6067          +0.7224
        75      -17374.9567          +0.6500
        76      -17374.3808          +0.5759
        77      -17373.8588          +0.5220
        78      -17373.3739          +0.4849
        79      -17372.9181          +0.4557
        80      -17372.4900          +0.4281
        81      -17372.0910          +0.3990
        82      -17371.7234          +0.3676
        83      -17371.3891          +0.3343
        84      -17371.0893          +0.2998
        85      -17370.8239          +0.2655
        86      -17370.5913          +0.2325
        87      -17370.3894          +0.2020
        88      -17370.2147          +0.1746
        89      -17370.0638          +0.1509
        90      -17369.9329          +0.1309
        91      -17369.8183          +0.1146
        92      -17369.7167          +0.1015
        93      -17369.6253          +0.0915
        94      -17369.5414          +0.0839
        95      -17369.4628          +0.0785
        96      -17369.3880          +0.0748
        97      -17369.3154          +0.0726
        98      -17369.2439          +0.0715
        99      -17369.1728          +0.0712
       100      -17369.1013          +0.0714

(elapsed time: 57.884260177612305s).
Training ['w'] model w. 114 examples 

         1      -34695.6350             +nan
         2      -27544.1551       +7151.4799
         3      -27060.1760        +483.9792
         4      -25847.9271       +1212.2488
         5      -23931.3422       +1916.5849
         6      -22160.0723       +1771.2699
         7      -20499.0559       +1661.0164
         8      -18778.3575       +1720.6985
         9      -17449.7578       +1328.5996
        10      -16617.5744        +832.1835
        11      -15865.4578        +752.1166
        12      -15183.8677        +681.5900
        13      -14831.5107        +352.3571
        14      -14653.6782        +177.8325
        15      -14535.0678        +118.6104
        16      -14449.1205         +85.9473
        17      -14385.5135         +63.6070
        18      -14338.1057         +47.4078
        19      -14304.3346         +33.7711
        20      -14281.6858         +22.6488
        21      -14266.1608         +15.5250
        22      -14254.0437         +12.1171
        23      -14243.0258         +11.0178
        24      -14231.1477         +11.8781
        25      -14216.1330         +15.0147
        26      -14197.7959         +18.3371
        27      -14180.7678         +17.0282
        28      -14168.1918         +12.5760
        29      -14159.5399          +8.6519
        30      -14153.5101          +6.0298
        31      -14149.0860          +4.4241
        32      -14145.5952          +3.4909
        33      -14142.6118          +2.9833
        34      -14139.8616          +2.7502
        35      -14137.1610          +2.7006
        36      -14134.3858          +2.7752
        37      -14131.4530          +2.9328
        38      -14128.3121          +3.1409
        39      -14124.9448          +3.3673
        40      -14121.3681          +3.5768
        41      -14117.6229          +3.7452
        42      -14113.7505          +3.8724
        43      -14109.7805          +3.9700
        44      -14105.7434          +4.0372
        45      -14101.6917          +4.0517
        46      -14097.7059          +3.9858
        47      -14093.8728          +3.8331
        48      -14090.2572          +3.6157
        49      -14086.8944          +3.3628
        50      -14083.8025          +3.0918
        51      -14080.9857          +2.8169
        52      -14078.4248          +2.5608
        53      -14076.0785          +2.3464
        54      -14073.8955          +2.1830
        55      -14071.8271          +2.0684
        56      -14069.8314          +1.9957
        57      -14067.8727          +1.9587
        58      -14065.9203          +1.9524
        59      -14063.9475          +1.9727
        60      -14061.9329          +2.0147
        61      -14059.8620          +2.0709
        62      -14057.7318          +2.1302
        63      -14055.5531          +2.1786
        64      -14053.3513          +2.2018
        65      -14051.1596          +2.1917
        66      -14049.0091          +2.1506
        67      -14046.9184          +2.0907
        68      -14044.8906          +2.0279
        69      -14042.9153          +1.9753
        70      -14040.9748          +1.9405
        71      -14039.0486          +1.9262
        72      -14037.1174          +1.9311
        73      -14035.1663          +1.9512
        74      -14033.1865          +1.9798
        75      -14031.1762          +2.0102
        76      -14029.1387          +2.0375
        77      -14027.0799          +2.0588
        78      -14025.0083          +2.0716
        79      -14022.9360          +2.0723
        80      -14020.8785          +2.0575
        81      -14018.8535          +2.0250
        82      -14016.8788          +1.9747
        83      -14014.9709          +1.9079
        84      -14013.1435          +1.8274
        85      -14011.4067          +1.7368
        86      -14009.7666          +1.6400
        87      -14008.2258          +1.5409
        88      -14006.7832          +1.4426
        89      -14005.4354          +1.3478
        90      -14004.1772          +1.2582
        91      -14003.0025          +1.1747
        92      -14001.9049          +1.0976
        93      -14000.8785          +1.0264
        94      -13999.9178          +0.9606
        95      -13999.0187          +0.8992
        96      -13998.1774          +0.8412
        97      -13997.3916          +0.7858
        98      -13996.6592          +0.7324
        99      -13995.9787          +0.6805
       100      -13995.3488          +0.6299

(elapsed time: 56.61039066314697s).
Training ['y'] model w. 119 examples 

         1      -34946.8605             +nan
         2      -31178.0412       +3768.8193
         3      -30936.3447        +241.6966
         4      -30380.0381        +556.3066
         5      -29130.3251       +1249.7130
         6      -27299.7806       +1830.5445
         7      -24665.0967       +2634.6839
         8      -21060.2146       +3604.8822
         9      -18896.7909       +2163.4237
        10      -18247.1782        +649.6127
        11      -17821.6046        +425.5736
        12      -17297.6337        +523.9709
        13      -16844.4077        +453.2260
        14      -16575.3668        +269.0409
        15      -16426.4727        +148.8941
        16      -16315.4585        +111.0141
        17      -16215.3461        +100.1125
        18      -16130.8840         +84.4621
        19      -16063.5848         +67.2992
        20      -16014.1426         +49.4422
        21      -15977.1303         +37.0123
        22      -15947.3195         +29.8108
        23      -15922.2780         +25.0415
        24      -15901.5965         +20.6816
        25      -15884.8147         +16.7818
        26      -15870.6766         +14.1381
        27      -15858.1014         +12.5753
        28      -15846.5164         +11.5850
        29      -15835.8071         +10.7093
        30      -15826.4343          +9.3727
        31      -15818.9276          +7.5067
        32      -15813.0482          +5.8794
        33      -15808.0397          +5.0085
        34      -15803.6273          +4.4124
        35      -15800.0917          +3.5356
        36      -15797.3559          +2.7358
        37      -15795.1666          +2.1893
        38      -15793.3486          +1.8179
        39      -15791.7957          +1.5529
        40      -15790.4438          +1.3519
        41      -15789.2551          +1.1887
        42      -15788.2070          +1.0481
        43      -15787.2849          +0.9221
        44      -15786.4769          +0.8080
        45      -15785.7707          +0.7062
        46      -15785.1524          +0.6183
        47      -15784.6073          +0.5451
        48      -15784.1205          +0.4868
        49      -15783.6788          +0.4417
        50      -15783.2718          +0.4070
        51      -15782.8929          +0.3788
        52      -15782.5399          +0.3531
        53      -15782.2131          +0.3268
        54      -15781.9142          +0.2989
        55      -15781.6441          +0.2701
        56      -15781.4022          +0.2419
        57      -15781.1864          +0.2157
        58      -15780.9940          +0.1924
        59      -15780.8217          +0.1723
        60      -15780.6666          +0.1551
        61      -15780.5259          +0.1406
        62      -15780.3976          +0.1283
        63      -15780.2798          +0.1178
        64      -15780.1711          +0.1086
        65      -15780.0706          +0.1006
        66      -15779.9772          +0.0933
        67      -15779.8905          +0.0867
        68      -15779.8098          +0.0807
        69      -15779.7348          +0.0750
        70      -15779.6652          +0.0697
        71      -15779.6006          +0.0646
        72      -15779.5407          +0.0599
        73      -15779.4853          +0.0554
        74      -15779.4342          +0.0511
        75      -15779.3871          +0.0471
        76      -15779.3438          +0.0433
        77      -15779.3040          +0.0398
        78      -15779.2675          +0.0365
        79      -15779.2340          +0.0335
        80      -15779.2033          +0.0307
        81      -15779.1753          +0.0281
        82      -15779.1495          +0.0257
        83      -15779.1259          +0.0236
        84      -15779.1043          +0.0217
        85      -15779.0844          +0.0199
        86      -15779.0661          +0.0183
        87      -15779.0492          +0.0169
        88      -15779.0337          +0.0155
        89      -15779.0193          +0.0143
        90      -15779.0061          +0.0132
        91      -15778.9939          +0.0122
        92      -15778.9827          +0.0112
        93      -15778.9723          +0.0104
        94      -15778.9628          +0.0095

(elapsed time: 52.88944911956787s).
Training ['z'] model w. 152 examples 

         1      -55555.1192             +nan
         2      -49438.6247       +6116.4945
         3      -49077.5923        +361.0324
         4      -48336.7348        +740.8575
         5      -46518.8270       +1817.9078
         6      -42594.8973       +3923.9297
         7      -38103.1211       +4491.7762
         8      -34636.2075       +3466.9136
         9      -31611.6678       +3024.5397
        10      -29381.6766       +2229.9912
        11      -28463.1248        +918.5519
        12      -28079.3870        +383.7378
        13      -27804.5044        +274.8826
        14      -27503.4658        +301.0386
        15      -27151.3078        +352.1580
        16      -26868.7400        +282.5678
        17      -26712.8810        +155.8590
        18      -26617.3059         +95.5751
        19      -26551.7275         +65.5784
        20      -26505.0469         +46.6806
        21      -26468.9535         +36.0934
        22      -26438.9493         +30.0042
        23      -26413.9535         +24.9958
        24      -26393.8491         +20.1044
        25      -26377.7287         +16.1204
        26      -26364.6084         +13.1203
        27      -26354.2052         +10.4032
        28      -26346.3943          +7.8109
        29      -26340.8149          +5.5794
        30      -26336.7634          +4.0515
        31      -26333.5975          +3.1659
        32      -26330.9429          +2.6546
        33      -26328.5974          +2.3455
        34      -26326.4327          +2.1647
        35      -26324.3425          +2.0902
        36      -26322.2000          +2.1425
        37      -26319.8387          +2.3612
        38      -26317.2418          +2.5969
        39      -26314.5923          +2.6495
        40      -26311.8584          +2.7339
        41      -26308.9323          +2.9261
        42      -26305.7500          +3.1823
        43      -26302.2464          +3.5036
        44      -26298.3187          +3.9277
        45      -26293.8103          +4.5084
        46      -26288.5132          +5.2971
        47      -26282.1984          +6.3148
        48      -26274.6946          +7.5038
        49      -26266.0171          +8.6775
        50      -26256.4626          +9.5545
        51      -26246.5394          +9.9232
        52      -26236.7950          +9.7444
        53      -26227.7511          +9.0439
        54      -26219.8760          +7.8751
        55      -26213.4378          +6.4382
        56      -26208.3818          +5.0561
        57      -26204.3927          +3.9891
        58      -26201.0730          +3.3197
        59      -26198.1226          +2.9503
        60      -26195.4213          +2.7013
        61      -26192.9399          +2.4814
        62      -26190.6202          +2.3196
        63      -26188.3431          +2.2772
        64      -26185.9228          +2.4203
        65      -26183.1733          +2.7495
        66      -26180.1816          +2.9916
        67      -26177.2394          +2.9422
        68      -26174.3591          +2.8804
        69      -26171.4262          +2.9328
        70      -26168.3818          +3.0444
        71      -26165.2188          +3.1630
        72      -26162.0122          +3.2066
        73      -26158.9284          +3.0838
        74      -26156.1349          +2.7935
        75      -26153.7006          +2.4343
        76      -26151.6003          +2.1003
        77      -26149.7657          +1.8346
        78      -26148.1153          +1.6504
        79      -26146.5667          +1.5486
        80      -26145.0452          +1.5216
        81      -26143.4966          +1.5485
        82      -26141.9050          +1.5916
        83      -26140.2950          +1.6100
        84      -26138.7106          +1.5844
        85      -26137.1943          +1.5163
        86      -26135.7811          +1.4132
        87      -26134.4930          +1.2881
        88      -26133.3257          +1.1673
        89      -26132.2275          +1.0981
        90      -26131.0989          +1.1286
        91      -26129.9016          +1.1973
        92      -26128.8091          +1.0925
        93      -26127.9861          +0.8230
        94      -26127.3746          +0.6115
        95      -26126.8608          +0.5137
        96      -26126.3662          +0.4946
        97      -26125.8319          +0.5343
        98      -26125.2020          +0.6299
        99      -26124.4144          +0.7876

(elapsed time: 87.18036127090454s).

       100      -26123.3959          +1.0186


['a'] ['a'] -125.08987674446612 True
['a'] ['a'] -125.18868032229659 True
['a'] ['a'] -144.59707962959058 True
['a'] ['a'] -152.57390219477657 True
['a'] ['g'] -184.118115314086 False
['a'] ['a'] -123.89844919261905 True
['a'] ['a'] -154.56180559573448 True
['a'] ['a'] -137.81703064123735 True
['a'] ['a'] -148.2122648408809 True
['a'] ['a'] -113.7947154827982 True
['a'] ['a'] -137.407236529241 True
['a'] ['r'] -156.51678441362702 False
['a'] ['a'] -118.43358072399798 True
['a'] ['a'] -142.33107135887656 True
['a'] ['a'] -165.80075920460303 True
['a'] ['a'] -159.78018385863675 True
['b'] ['b'] -164.0869896035447 True
['b'] ['r'] -134.1992012417977 False
['b'] ['b'] -164.77476122744446 True
['b'] ['b'] -152.59432652275265 True
['b'] ['r'] -147.96928361022876 False
['b'] ['r'] -194.31388719694382 False
['b'] ['b'] -140.0872983424444 True
['b'] ['b'] -175.45886321899312 True
['b'] ['b'] -164.9786359614805 True
['b'] ['g'] -173.25223773044002 False
['b'] ['v'] -185.62231117840662 False
['b'] ['r'] -151.2589488105251 False
['b'] ['b'] -163.75642759783094 True
['b'] ['b'] -161.93052197059671 True
['b'] ['r'] -130.14179770004952 False
['b'] ['b'] -143.29366684923673 True
['c'] ['a'] -88.03411718030206 False
['c'] ['d'] -93.89740966224889 False
['c'] ['s'] -73.02943721049868 False
['c'] ['a'] -85.59733530454263 False
['c'] ['a'] -95.40887056496675 False
['c'] ['o'] -93.498451867447 False
['c'] ['o'] -79.65963559862345 False
['c'] ['o'] -98.50707101118374 False
['c'] ['a'] -86.08211446021929 False
['c'] ['e'] -98.16187934110202 False
['c'] ['e'] -106.70870781129639 False
['c'] ['a'] -77.5469952424502 False
['c'] ['c'] -88.85198115463848 True
['d'] ['a'] -124.38252203570113 False
['d'] ['g'] -123.49961744857671 False
['d'] ['w'] -133.78407172185896 False
['d'] ['w'] -120.68284502816174 False
['d'] ['r'] -140.95743352966173 False
['d'] ['w'] -125.87085858920427 False
['d'] ['d'] -120.84132860283455 True
['d'] ['y'] -147.91243641849266 False
['d'] ['u'] -104.24354435537718 False
['d'] ['a'] -134.24249447480798 False
['d'] ['w'] -121.76301526461242 False
['d'] ['l'] -93.94384397471146 False
['d'] ['a'] -126.99234865849883 False
['d'] ['d'] -131.38089977868052 True
['d'] ['u'] -132.1926602824727 False
['d'] ['a'] -112.94405464642252 False
['d'] ['a'] -102.60321669049603 False
['d'] ['a'] -105.52106553811912 False
['e'] ['e'] -79.55208827876292 True
['e'] ['e'] -117.96458532125035 True
['e'] ['e'] -121.94254354386939 True
['e'] ['g'] -121.01827155838077 False
['e'] ['e'] -107.37912692975014 True
['e'] ['e'] -97.9314769805669 True
['e'] ['e'] -108.15676079896774 True
['e'] ['e'] -108.7284522318959 True
['e'] ['e'] -111.65575206747599 True
['e'] ['e'] -97.92484441283048 True
['e'] ['e'] -123.25197587986662 True
['e'] ['g'] -122.9476905248221 False
['e'] ['e'] -85.18816063595833 True
['e'] ['e'] -102.02477429220787 True
['e'] ['e'] -104.72357004249503 True
['e'] ['e'] -120.4766212969152 True
['e'] ['e'] -106.12704240479377 True
['e'] ['e'] -94.98382506673157 True
['e'] ['e'] -85.37834226307379 True
['e'] ['g'] -140.23062587779344 False
['g'] ['g'] -135.94058037628048 True
['g'] ['g'] -136.61718687620456 True
['g'] ['g'] -133.96071576478624 True
['g'] ['g'] -120.78831744113401 True
['g'] ['o'] -157.86490490930427 False
['g'] ['r'] -142.97828352732245 False
['g'] ['g'] -156.40647682198826 True
['h'] ['h'] -126.94303913944954 True
['h'] ['b'] -105.43946941192935 False
['h'] ['v'] -123.59447222086963 False
['h'] ['r'] -125.43285872693622 False
['h'] ['y'] -95.04401505100194 False
['h'] ['h'] -163.56449477929198 True
['h'] ['r'] -133.27348403432208 False
['h'] ['b'] -115.72704594127227 False
['h'] ['w'] -116.35142896604853 False
['h'] ['l'] -97.93302510462786 False
['h'] ['w'] -108.14109727061347 False
['h'] ['y'] -96.80426889784528 False
['h'] ['n'] -120.96883132304475 False
['h'] ['y'] -149.92912396520808 False
['h'] ['r'] -152.94294173942328 False
['l'] ['h'] -55.36828711943 False
['l'] ['l'] -75.34379761295779 True
['l'] ['l'] -80.39347996323745 True
['l'] ['l'] -74.72381796782985 True
['l'] ['l'] -72.28615005699417 True
['l'] ['l'] -59.29437987316393 True
['l'] ['r'] -67.88177126578115 False
['l'] ['l'] -70.30085368539389 True
['l'] ['d'] -73.29172552972331 False
['l'] ['u'] -77.54151423336239 False
['l'] ['a'] -76.0279043296796 False
['l'] ['l'] -79.83941738615384 True
['l'] ['r'] -77.36305188518811 False
['l'] ['q'] -89.70357988166361 False
['l'] ['a'] -66.52362089637326 False
['l'] ['l'] -73.86953803274164 True
['l'] ['u'] -77.34203667206542 False
['l'] ['a'] -65.97419438624813 False
['m'] ['a'] -118.18503505187073 False
['m'] ['m'] -100.54940688171493 True
['m'] ['w'] -119.81481343995006 False
['m'] ['w'] -92.51331596223675 False
['m'] ['w'] -102.1235947304505 False
['m'] ['n'] -112.48334931227022 False
['m'] ['n'] -102.93829180773487 False
['m'] ['w'] -112.50641988322253 False
['m'] ['w'] -115.47966904066665 False
['m'] ['m'] -106.380661206918 True
['m'] ['u'] -117.91636643259021 False
['n'] ['s'] -159.5724705912433 False
['n'] ['n'] -93.7369012770636 True
['n'] ['l'] -86.44619404357408 False
['n'] ['v'] -101.9266236918329 False
['n'] ['h'] -86.73407054715969 False
['n'] ['n'] -120.30117258498944 True
['n'] ['h'] -90.6775188291622 False
['n'] ['w'] -119.91282039280044 False
['n'] ['n'] -101.5672179245015 True
['o'] ['o'] -111.3450836622721 True
['o'] ['o'] -108.76015016241142 True
['o'] ['o'] -133.90149826476713 True
['o'] ['o'] -132.86446327345683 True
['o'] ['o'] -147.59225899963488 True
['o'] ['e'] -101.8290458124057 False
['o'] ['e'] -111.34376287780981 False
['o'] ['a'] -130.40595737652347 False
['o'] ['o'] -114.5719615311598 True
['o'] ['a'] -124.90060750264387 False
['o'] ['o'] -107.98577388941973 True
['o'] ['o'] -143.68975805575636 True
['o'] ['g'] -141.31142362848757 False
['o'] ['o'] -118.22403097418315 True
['p'] ['g'] -170.25068483093517 False
['p'] ['g'] -182.16441041808247 False
['p'] ['b'] -168.73811322022735 False
['p'] ['b'] -138.32704898821672 False
['p'] ['r'] -182.5947239150634 False
['p'] ['r'] -156.7531541600651 False
['p'] ['r'] -164.65988837162658 False
['p'] ['r'] -157.25983356768756 False
['p'] ['p'] -166.74005388273133 True
['p'] ['g'] -165.69854527844356 False
['p'] ['b'] -153.58533979600656 False
['p'] ['v'] -132.96728749092532 False
['p'] ['r'] -150.39071613183958 False
['q'] ['a'] -177.86324313256978 False
['q'] ['g'] -167.0614755876103 False
['q'] ['r'] -204.62545790029088 False
['q'] ['a'] -155.96737429207306 False
['q'] ['r'] -132.22144902657345 False
['q'] ['a'] -135.9591114366634 False
['q'] ['q'] -174.1009557161979 True
['q'] ['l'] -135.33682933359543 False
['q'] ['a'] -118.13888664615342 False
['q'] ['l'] -151.396828670541 False
['q'] ['g'] -155.99933847527728 False
['q'] ['a'] -164.97994848189134 False
['q'] ['b'] -189.57392522297948 False
['r'] ['u'] -141.55712617733982 False
['r'] ['l'] -155.78298910945696 False
['r'] ['r'] -152.36772992582453 True
['r'] ['r'] -94.4031983752932 True
['r'] ['r'] -140.09307261188388 True
['r'] ['r'] -139.81327609698502 True
['r'] ['l'] -116.6070768823094 False
['r'] ['r'] -127.307841226936 True
['r'] ['r'] -144.5529372400506 True
['r'] ['b'] -156.76658586481864 False
['r'] ['r'] -141.51710918639168 True
['r'] ['r'] -151.60091714826348 True
['r'] ['r'] -157.49723664964884 True
['s'] ['s'] -115.9372613315451 True
['s'] ['s'] -111.83068175586186 True
['s'] ['g'] -120.3199660728469 False
['s'] ['s'] -138.489604832729 True
['s'] ['s'] -147.35338083108843 True
['s'] ['s'] -143.41958903882545 True
['s'] ['s'] -165.03431974212037 True
['s'] ['s'] -158.04600551947092 True
['s'] ['s'] -146.7169216032841 True
['s'] ['s'] -126.0515629202806 True
['s'] ['r'] -176.20730892308737 False
['s'] ['s'] -146.4833360090467 True
['s'] ['s'] -122.63704499833712 True
['s'] ['g'] -131.95360300034653 False
['u'] ['l'] -123.56150790677971 False
['u'] ['l'] -148.95486769755192 False
['u'] ['u'] -123.1004925691625 True
['u'] ['u'] -135.87871449213614 True
['u'] ['u'] -132.59632483392213 True
['u'] ['w'] -183.85804906460282 False
['u'] ['a'] -140.96699395529646 False
['u'] ['h'] -136.00753806109387 False
['u'] ['w'] -126.18454046598849 False
['u'] ['a'] -159.99502997336785 False
['u'] ['u'] -147.1329623775255 True
['v'] ['v'] -120.69779766824115 True
['v'] ['v'] -125.77550324576933 True
['v'] ['a'] -105.81534358621239 False
['v'] ['n'] -114.90850004221045 False
['v'] ['v'] -97.01467756910584 True

['v'] ['v'] -102.56402230539648 True
['v'] ['v'] -114.45108369337949 True
['v'] ['v'] -112.50380857080243 True
['v'] ['v'] -114.91834454469152 True
['v'] ['v'] -133.47004732870136 True
['v'] ['v'] -114.3161872795955 True
['v'] ['v'] -132.56984457561086 True
['v'] ['v'] -114.95211836158833 True
['v'] ['v'] -138.73723729522928 True
['v'] ['y'] -143.29411675227905 False
['v'] ['v'] -135.47730535907127 True
['v'] ['r'] -139.64331174797263 False
['w'] ['r'] -125.07167394279429 False
['w'] ['y'] -125.772261750414 False
['w'] ['w'] -106.45605005167684 True
['w'] ['m'] -125.04015009732903 False
['w'] ['r'] -196.49602663845707 False
['w'] ['u'] -119.63043671189567 False
['w'] ['m'] -115.23859600515428 False
['w'] ['w'] -93.8824525436441 True
['w'] ['h'] -94.58559948748577 False
['w'] ['w'] -89.83603144612884 True
['w'] ['r'] -118.43343999830093 False
['y'] ['y'] -151.7437227428668 True
['y'] ['w'] -138.64061572731185 False
['y'] ['r'] -115.97003132988799 False
['y'] ['y'] -141.18028395536004 True
['y'] ['b'] -142.28015714750205 False
['y'] ['y'] -125.81976899160512 True
['y'] ['y'] -124.9019058678185 True
['y'] ['p'] -141.3465862654005 False
['y'] ['g'] -142.75931354865517 False
['y'] ['r'] -105.73421844893114 False
['y'] ['g'] -108.79067773328376 False
['y'] ['b'] -135.24453593538524 False
['y'] ['b'] -108.2076564555346 False
['y'] ['u'] -128.9139150164735 False
['y'] ['b'] -115.32626323779435 False
['y'] ['v'] -133.13053168303892 False
['y'] ['b'] -131.38167356806474 False
['y'] ['r'] -138.56182076022378 False
['z'] ['z'] -162.32784296916287 True
['z'] ['z'] -171.9357999905588 True
['z'] ['s'] -161.75654956465442 False
['z'] ['s'] -163.95660805654776 False
['z'] ['z'] -195.23845157783813 True
['z'] ['z'] -149.78770078814023 True
['z'] ['z'] -236.69065064301867 True
['z'] ['s'] -168.17775294579624 False
['z'] ['z'] -162.753692135264 True
['z'] ['z'] -178.85382297367602 True
['z'] ['z'] -145.04379207424378 True
['z'] ['z'] -202.60486665407495 True
['z'] ['z'] -127.14091408454989 True
['z'] ['z'] -176.3390227551264 True
['z'] ['z'] -182.45045646226424 True
['z'] ['s'] -137.61736464354215 False
['z'] ['z'] -150.3330059675255 True
['z'] ['z'] -165.48989139244657 True
['z'] ['r'] -178.89652667535805 False
0.46153846153846156


